Temp=**0.020***
[0.99658104 0.99525944 0.99453789 0.99417995 0.99401334 0.99399644
 0.99400721 0.99418788 0.99432068 0.99459701]
Temp=**1.013***
[0.81046794 0.74941186 0.72006551 0.70406957 0.69705098 0.69353801
 0.69466    0.69841158 0.70498542 0.71657864]
Temp=**2.007***
[0.46839547 0.29527701 0.21612549 0.17608663 0.1557181  0.14691517
 0.14609212 0.15260582 0.16619386 0.19280256]
Temp=**3.000***
[0.24498645 0.07470833 0.02549155 0.00995537 0.0080062  0.00484944
 0.00793541 0.00961431 0.01510938 0.03090797]
