Temp=**0.020***
[0.99666163 0.99536284 0.99458654 0.99406949 0.99368662 0.99338759
 0.99313729 0.9929595  0.99284259 0.99275565]
Temp=**1.013***
[0.80992117 0.74639325 0.71208286 0.6889701  0.67170171 0.6585474
 0.64779754 0.63903047 0.6319937  0.62596629]
Temp=**2.007***
[0.44806863 0.26110707 0.16799411 0.11324924 0.07853375 0.0558324
 0.04035122 0.02948408 0.02139139 0.01521394]
Temp=**3.000***
[0.24290589 0.07470281 0.02626543 0.00944448 0.00359959 0.00171606
 0.00101396 0.00085826 0.00101878 0.00089413]
